      0.07139710      -0.00088125       0.02046549      -0.01567369      -0.01008718       0.00013376      -0.00077896      -0.00060586       0.00006295       0.00303717      -0.00063733       0.00064520      -0.01491046       0.01007931       0.00044063      -0.00026752      -0.00055865      -0.00007868      -0.12938256      -0.00074968      -0.19048161      -0.00099958       0.00043731      -0.00680961       0.00618487      -0.00118700      -0.00124947       0.00568509       0.00212410      -0.00137442
     -0.00088125       0.08441129       0.00288767      -0.00510654      -0.00198282      -0.00125106       0.00038555       0.00055865      -0.00003147      -0.00066881      -0.06235640       0.00165235       0.00494917      -0.00210871       0.00183332       0.00013376      -0.00003934      -0.00016523       0.00662219       0.00231152       0.00774671      -0.00087463      -0.02692607       0.00343604      -0.00468551      -0.00131194       0.00343604       0.00468551      -0.00118700       0.00156184
      0.02046549       0.00288767       0.07075190      -0.00067668      -0.00550782       0.00255720       0.00079470       0.00002360       0.00029113       0.00057439       0.00160514       0.00172316      -0.00504359       0.00513014       0.00235263       0.00022031      -0.00007868       0.00022818      -0.08852491      -0.00481046      -0.17342635       0.00649724      -0.00112452       0.00524777       0.00024989      -0.00156184       0.00106205       0.00187420      -0.00006247       0.00081216
     -0.01567369      -0.00510654      -0.00067668       0.10172159       0.00385547      -0.00483901      -0.01131464       0.01180247       0.00551569      -0.01456425       0.00478394      -0.00498064       0.01020521       0.00024392      -0.00699493      -0.01181821      -0.01107072       0.00579108      -0.10814158      -0.12594652       0.13456785      -0.11988659       0.12657125       0.12894524      -0.00730940       0.00043731       0.00256141      -0.16486749       0.00018742      -0.14806212
     -0.01008718      -0.00198282      -0.00550782       0.00385547       0.11489315       0.00395776       0.00409152      -0.00281686       0.00051144       0.01011079      -0.00209297       0.00516948       0.00014163      -0.06880842       0.00037768      -0.00398137      -0.00262015      -0.00007081      -0.12782072      -0.17942381       0.17248925       0.13350581      -0.18916967      -0.16368049      -0.00337357      -0.03879602       0.00406078       0.00281131      -0.01655547       0.00649724
      0.00013376      -0.00125106       0.00255720      -0.00483901       0.00395776       0.03248041       0.00492557       0.00082617       0.00139269       0.00011802       0.00180971       0.00237623      -0.00687691       0.00041702       0.00298209       0.00110156      -0.00147924       0.00120385       0.06628435       0.08421424      -0.09614667       0.06359799      -0.07203191      -0.09420999       0.00399830      -0.00031237       0.01099533      -0.03467278      -0.00106205      -0.06353552
     -0.00077896       0.00038555       0.00079470      -0.01131464       0.00409152       0.00492557       0.06302521       0.00036194      -0.01594908       0.00070815       0.00013376       0.00025179      -0.01171592      -0.00402071       0.00111730       0.00557077       0.00014950      -0.00822239      -0.02405229      -0.00043731       0.00568509       0.00000000       0.00124947       0.00343604      -0.05810033      -0.09014922       0.12126101      -0.05610118       0.09021169       0.11770002
     -0.00060586       0.00055865       0.00002360       0.01180247      -0.00281686       0.00082617       0.00036194       0.13146382       0.00049570      -0.00104649      -0.00001574      -0.00007868      -0.01104712      -0.00266736      -0.00147924       0.00009442      -0.07038209       0.00055078      -0.00056226      -0.00037484       0.00543519       0.00106205       0.00187420       0.00506035      -0.07796689      -0.19179355       0.22071877       0.07959120      -0.20110210      -0.21340937
      0.00006295      -0.00003147       0.00029113       0.00551569       0.00051144       0.00139269      -0.01594908       0.00049570       0.06529129       0.00444560      -0.00088125       0.00025179       0.00581469      -0.00003934       0.00119598      -0.00817518       0.00055078       0.00749851       0.00406078       0.00143689       0.00543519       0.00000000      -0.00174926       0.00187420       0.06316068       0.13819132      -0.17717476       0.05678838      -0.12369747      -0.17036515
      0.00303717      -0.00066881       0.00057439      -0.01456425       0.01011079       0.00011802       0.00070815      -0.00104649       0.00444560       0.07216819      -0.00086551       0.02011928      -0.01573663      -0.01007144       0.00000787      -0.00091272      -0.00070028       0.00014950      -0.00174926      -0.00168678      -0.00655971      -0.12919514       0.00156184      -0.19248076      -0.00156184      -0.00418572       0.00043731       0.00324862       0.00418572      -0.00031237
     -0.00063733      -0.06235640       0.00160514       0.00478394      -0.00209297       0.00180971       0.00013376      -0.00001574      -0.00088125      -0.00086551       0.08359299       0.00308438      -0.00511441      -0.00190413      -0.00127467       0.00051931       0.00052718      -0.00002360      -0.00149936      -0.02592649       0.00381088       0.00662219       0.00124947       0.00855887       0.00574756      -0.00031237       0.00187420      -0.00512282      -0.00206162       0.00368593
      0.00064520       0.00165235       0.00172316      -0.00498064       0.00516948       0.00237623       0.00025179      -0.00007868       0.00025179       0.02011928       0.00308438       0.07078337      -0.00070028      -0.00565732       0.00251786       0.00075536       0.00003147       0.00026752       0.00705950      -0.00199915       0.00518530      -0.08989932      -0.00387336      -0.17405109       0.00099958      -0.00000000       0.00093710       0.00024989      -0.00143689       0.00106205
     -0.01491046       0.00494917      -0.00504359       0.01020521       0.00014163      -0.00687691      -0.01171592      -0.01104712       0.00581469      -0.01573663      -0.00511441      -0.00070028       0.10216221       0.00395776      -0.00469738      -0.01127530       0.01179461       0.00548422      -0.11801238       0.12938256       0.12925761      -0.11032815      -0.12788319       0.13506764      -0.16218113       0.00018742      -0.14793718      -0.00937102       0.00049979       0.00274883
      0.01007931      -0.00210871       0.00513014       0.00024392      -0.06880842       0.00041702      -0.00402071      -0.00266736      -0.00003934      -0.01007144      -0.00190413      -0.00565732       0.00395776       0.11453121       0.00405218       0.00402071      -0.00277752       0.00055078       0.13200644      -0.19154366      -0.16380544      -0.13031966      -0.17861165       0.17280162       0.00381088      -0.01655547       0.00693456      -0.00212410      -0.03860860       0.00412325
      0.00044063       0.00183332       0.00235263      -0.00699493       0.00037768       0.00298209       0.00111730      -0.00147924       0.00119598       0.00000787      -0.00127467       0.00251786      -0.00469738       0.00405218       0.03273219       0.00495704       0.00078683       0.00136909       0.06016195      -0.07134470      -0.09470978       0.06840845       0.08290229      -0.09664646      -0.03304847      -0.00112452      -0.06366047       0.00337357      -0.00037484       0.01087038
     -0.00026752       0.00013376       0.00022031      -0.01181821      -0.00398137       0.00110156       0.00557077       0.00009442      -0.00817518      -0.00091272       0.00051931       0.00075536      -0.01127530       0.00402071       0.00495704       0.06300947       0.00046423      -0.01589400       0.00924607       0.00162431       0.00331109      -0.02498939      -0.00056226       0.00568509      -0.05660096       0.09014922       0.11776249      -0.05810033      -0.09008674       0.12126101
     -0.00055865      -0.00003934      -0.00007868      -0.01107072      -0.00262015      -0.00147924       0.00014950      -0.07038209       0.00055078      -0.00070028       0.00052718       0.00003147       0.01179461      -0.00277752       0.00078683       0.00046423       0.13133793       0.00043276      -0.00062473       0.00199915       0.00493540      -0.00037484      -0.00049979       0.00531024       0.07940378      -0.20122705      -0.21340937      -0.07834173      -0.19166861       0.22059382
     -0.00007868      -0.00016523       0.00022818       0.00579108      -0.00007081       0.00120385      -0.00822239       0.00055078       0.00749851       0.00014950      -0.00002360       0.00026752       0.00548422       0.00055078       0.00136909      -0.01589400       0.00043276       0.06533849       0.00474798      -0.00012495       0.00187420       0.00356099       0.00174926       0.00524777       0.05535149      -0.12319768      -0.17030268       0.06447262       0.13781647      -0.17736218
     -0.12938256       0.00662219      -0.08852491      -0.10814158      -0.12782072       0.06628435      -0.02405229      -0.00056226       0.00406078      -0.00174926      -0.00149936       0.00705950      -0.11801238       0.13200644       0.06016195       0.00924607      -0.00062473       0.00474798       3.27876984      -0.02529762      -0.36855159       0.13144841      -0.00545635       0.03125000      -0.19047619       0.10813492       0.08878968      -0.19742063      -0.10416667       0.09771825
     -0.00074968       0.00231152      -0.00481046      -0.12594652      -0.17942381       0.08421424      -0.00043731      -0.00037484       0.00143689      -0.00168678      -0.02592649      -0.00199915       0.12938256      -0.19154366      -0.07134470       0.00162431       0.00199915      -0.00012495      -0.02529762       3.93055556      -0.04414683       0.00049603      -0.83779762       0.02182540       0.03720238      -0.01091270       0.00446429      -0.02529762      -0.00198413       0.01091270
     -0.19048161       0.00774671      -0.17342635       0.13456785       0.17248925      -0.09614667       0.00568509       0.00543519       0.00543519      -0.00655971       0.00381088       0.00518530       0.12925761      -0.16380544      -0.09470978       0.00331109       0.00493540       0.00187420      -0.36855159      -0.04414683       3.27777778      -0.02380952       0.01636905       0.16269841      -0.04017857       0.03422619       0.03769841      -0.03422619      -0.02132937       0.03422619
     -0.00099958      -0.00087463       0.00649724      -0.11988659       0.13350581       0.06359799       0.00000000       0.00106205       0.00000000      -0.12919514       0.00662219      -0.08989932      -0.11032815      -0.13031966       0.06840845      -0.02498939      -0.00037484       0.00356099       0.13144841       0.00049603      -0.02380952       3.39087302      -0.02579365      -0.37896825      -0.17212302      -0.07837302       0.07192460      -0.17063492       0.08581349       0.06448413
      0.00043731      -0.02692607      -0.00112452       0.12657125      -0.18916967      -0.07203191       0.00124947       0.00187420      -0.00174926       0.00156184       0.00124947      -0.00387336      -0.12788319      -0.17861165       0.08290229      -0.00056226      -0.00049979       0.00174926      -0.00545635      -0.83779762       0.01636905      -0.02579365       3.91765873      -0.04861111      -0.03025794      -0.00148810       0.00744048       0.03125000      -0.01140873       0.00049603
     -0.00680961       0.00343604       0.00524777       0.12894524      -0.16368049      -0.09420999       0.00343604       0.00506035       0.00187420      -0.19248076       0.00855887      -0.17405109       0.13506764       0.17280162      -0.09664646       0.00568509       0.00531024       0.00524777       0.03125000       0.02182540       0.16269841      -0.37896825      -0.04861111       3.27976190      -0.06696429      -0.02281746       0.03472222      -0.04067460       0.03373016       0.03720238
      0.00618487      -0.00468551       0.00024989      -0.00730940      -0.00337357       0.00399830      -0.05810033      -0.07796689       0.06316068      -0.00156184       0.00574756       0.00099958      -0.16218113       0.00381088      -0.03304847      -0.05660096       0.07940378       0.05535149      -0.19047619       0.03720238      -0.04017857      -0.17212302      -0.03025794      -0.06696429       2.57638889      -0.02083333      -0.63144841       0.18501984      -0.00198413      -0.04315476
     -0.00118700      -0.00131194      -0.00156184       0.00043731      -0.03879602      -0.00031237      -0.09014922      -0.19179355       0.13819132      -0.00418572      -0.00031237      -0.00000000       0.00018742      -0.01655547      -0.00112452       0.09014922      -0.20122705      -0.12319768       0.10813492      -0.01091270       0.03422619      -0.07837302      -0.00148810      -0.02281746      -0.02083333       4.29761905      -0.07787698      -0.00198413      -0.65873016       0.01537698
     -0.00124947       0.00343604       0.00106205       0.00256141       0.00406078       0.01099533       0.12126101       0.22071877      -0.17717476       0.00043731       0.00187420       0.00093710      -0.14793718       0.00693456      -0.06366047       0.11776249      -0.21340937      -0.17030268       0.08878968       0.00446429       0.03769841       0.07192460       0.00744048       0.03472222      -0.63144841      -0.07787698       3.63194444      -0.07638889       0.01438492       0.15724206
      0.00568509       0.00468551       0.00187420      -0.16486749       0.00281131      -0.03467278      -0.05610118       0.07959120       0.05678838       0.00324862      -0.00512282       0.00024989      -0.00937102      -0.00212410       0.00337357      -0.05810033      -0.07834173       0.06447262      -0.19742063      -0.02529762      -0.03422619      -0.17063492       0.03125000      -0.04067460       0.18501984      -0.00198413      -0.07638889       2.57738095      -0.02083333      -0.62500000
      0.00212410      -0.00118700      -0.00006247       0.00018742      -0.01655547      -0.00106205       0.09021169      -0.20110210      -0.12369747       0.00418572      -0.00206162      -0.00143689       0.00049979      -0.03860860      -0.00037484      -0.09008674      -0.19166861       0.13781647      -0.10416667      -0.00198413      -0.02132937       0.08581349      -0.01140873       0.03373016      -0.00198413      -0.65873016       0.01438492      -0.02083333       4.29861111      -0.07837302
     -0.00137442       0.00156184       0.00081216      -0.14806212       0.00649724      -0.06353552       0.11770002      -0.21340937      -0.17036515      -0.00031237       0.00368593       0.00106205       0.00274883       0.00412325       0.01087038       0.12126101       0.22059382      -0.17736218       0.09771825       0.01091270       0.03422619       0.06448413       0.00049603       0.03720238      -0.04315476       0.01537698       0.15724206      -0.62500000      -0.07837302       3.63095238
